(
  // Track 1
  (0e-6    (0.15e-3 0.3e-3 0.150e-3))
  (875e-6    (0.15e-3 0.3e-3 0.990e-3))

  // Track 2
  (1625e-6    (0.26e-3 0.3e-3 0.990e-3))
  (2500e-6    (0.26e-3 0.3e-3 0.150e-3))

  // Track 3
  (3250e-6    (0.37e-3 0.3e-3 0.150e-3))
  (4125e-6    (0.37e-3 0.3e-3 0.990e-3))

  // Track 4
  (4875e-6    (0.48e-3 0.3e-3 0.990e-3))
  (5750e-6    (0.48e-3 0.3e-3 0.150e-3))

  // Track 5
  (6500e-6    (0.59e-3 0.3e-3 0.150e-3))
  (7375e-6    (0.59e-3 0.3e-3 0.990e-3))

  // Track 6
  (8125e-6    (0.70e-3 0.3e-3 0.990e-3))
  (9000e-6    (0.70e-3 0.3e-3 0.150e-3))

  // Track 7
  (9750e-6    (0.81e-3 0.3e-3 0.150e-3))
  (10625e-6    (0.81e-3 0.3e-3 0.990e-3))

  // Track 8
  (11375e-6    (0.92e-3 0.3e-3 0.990e-3))
  (12250e-6    (0.92e-3 0.3e-3 0.150e-3))

  // Track 9
  (13000e-6    (1.03e-3 0.3e-3 0.150e-3))
  (13875e-6    (1.03e-3 0.3e-3 0.990e-3))

  // Track 10
  (14625e-6    (1.14e-3 0.3e-3 0.990e-3))
  (15500e-6    (1.14e-3 0.3e-3 0.150e-3))

  // Track 11
  (16250e-6    (1.25e-3 0.3e-3 0.150e-3))
  (17125e-6    (1.25e-3 0.3e-3 0.990e-3))

  // Track 12
  (17875e-6    (1.36e-3 0.3e-3 0.990e-3))
  (18750e-6    (1.36e-3 0.3e-3 0.150e-3))

  // Track 13
  (19500e-6    (1.47e-3 0.3e-3 0.150e-3))
  (20375e-6    (1.47e-3 0.3e-3 0.990e-3))

  // Track 14
  (21125e-6    (1.58e-3 0.3e-3 0.990e-3))
  (22000e-6    (1.58e-3 0.3e-3 0.150e-3))

  // Track 15
  (22750e-6    (1.69e-3 0.3e-3 0.150e-3))
  (23625e-6    (1.69e-3 0.3e-3 0.990e-3))

  (24375e-6    (1.69e-3 0.3e-3 0.990e-3))
)
