(
  // Track 1
  (0e-6    (0.15e-3 0.3e-3 0.150e-3))
  (5042e-6    (0.15e-3 0.3e-3 4.990e-3))

  // Track 2
  (5792e-6    (0.26e-3 0.3e-3 4.990e-3))
  (10834e-6    (0.26e-3 0.3e-3 0.150e-3))

  // Track 3
  (11584e-6    (0.37e-3 0.3e-3 0.150e-3))
  (16626e-6    (0.37e-3 0.3e-3 4.990e-3))

  // Track 4
  (17376e-6    (0.48e-3 0.3e-3 4.990e-3))
  (22418e-6    (0.48e-3 0.3e-3 0.150e-3))

  // Track 5
  (23168e-6    (0.59e-3 0.3e-3 0.150e-3))
  (28210e-6    (0.59e-3 0.3e-3 4.990e-3))

  // Track 6
  (28960e-6    (0.70e-3 0.3e-3 4.990e-3))
  (34002e-6    (0.70e-3 0.3e-3 0.150e-3))

  // Track 7
  (34752e-6    (0.81e-3 0.3e-3 0.150e-3))
  (39794e-6    (0.81e-3 0.3e-3 4.990e-3))

  // Track 8
  (40544e-6    (0.92e-3 0.3e-3 4.990e-3))
  (45586e-6    (0.92e-3 0.3e-3 0.150e-3))

  // Track 9
  (46336e-6    (1.03e-3 0.3e-3 0.150e-3))
  (51378e-6    (1.03e-3 0.3e-3 4.990e-3))

  // Track 10
  (52128e-6    (1.14e-3 0.3e-3 4.990e-3))
  (57170e-6    (1.14e-3 0.3e-3 0.150e-3))

  // Track 11
  (57920e-6    (1.25e-3 0.3e-3 0.150e-3))
  (62962e-6    (1.25e-3 0.3e-3 4.990e-3))

  // Track 12
  (63712e-6    (1.36e-3 0.3e-3 4.990e-3))
  (68754e-6    (1.36e-3 0.3e-3 0.150e-3))

  // Track 13
  (69504e-6    (1.47e-3 0.3e-3 0.150e-3))
  (74546e-6    (1.47e-3 0.3e-3 4.990e-3))

  // Track 14
  (75296e-6    (1.58e-3 0.3e-3 4.990e-3))
  (80338e-6    (1.58e-3 0.3e-3 0.150e-3))

  // Track 15
  (81088e-6    (1.69e-3 0.3e-3 0.150e-3))
  (86130e-6    (1.69e-3 0.3e-3 4.990e-3))

  (86880e-6    (1.69e-3 0.3e-3 4.990e-3))
)
